359,137,431,389,444,413,89,26,
-16,448,-367,-244,-161,282,266,37,434,409,438,321,-441,-364,-43,108,-290,-94,-425,-349,443,-107,-388,-140,176,-492,27,-467,-292,-275,-443,-404,-415,-119,37,109,221,-348,340,-149,354,94,168,345,-67,276,190,-34,453,359,-487,160,284,-180,-375,359,
-380,-328,-79,-385,
-242,3,-362,48,59,-267,-322,93,61,-280,381,-134,-421,-346,437,328,-101,53,177,483,294,39,253,314,450,468,2,344,-7,-477,-206,-42,-164,268,163,-278,406,-19,-279,-269,235,-353,386,258,161,249,-424,-123,50,-179,338,263,271,-251,-261,-362,176,52,-107,386,70,400,-68,256,-349,-18,-448,-445,-35,-49,-37,215,-60,425,-60,247,401,152,-274,-485,289,22,-180,180,247,-24,-203,-250,227,257,241,190,-352,47,289,234,307,120,25,326,
-147,-129,-271,-227,-315,-253,-107,-53,-474,-297,-450,-404,-184,-146,-56,-122,
-186,-380,-61,-154,-285,-226,-212,-179,-300,-257,
-419,-231,-240,-181,-54,-147,-431,-78,
290,125,208,-383,403,-122,-392,408,6,59,-408,366,96,-89,-442,-375,-494,-102,420,356,486,338,422,116,-467,-90,1,-180,122,441,466,-93,-138,-232,27,-19,
-89,-316,82,-233,-338,4,235,-497,313,95,165,-311,364,-308,473,-104,-6,-357,389,-192,209,93,-41,-442,-240,256,-317,174,64,-220,-225,43,-417,454,376,9,-446,-326,-285,126,436,-457,-191,-354,-433,-139,-470,-423,-252,417,-372,214,303,-267,165,-156,250,441,-139,-289,-391,-13,-170,-381,-80,-407,387,132,22,300,24,
-336,-269,-305,-131,-217,
-226,-393,-176,-366,-314,
-315,-402,-472,-443,-184,-486,-430,-314,-265,-466,-259,-316,-263,-321,-266,-438,-254,-452,
492,-213,-99,183,-469,-171,-466,-292,-7,175,-173,-391,-240,-419,158,-305,-329,-56,-75,-322,187,-24,408,-292,-451,-404,-429,-384,-103,-129,-477,-394,-72,440,111,227,324,383,-378,-383,157,286,254,153,178,-446,-16,-371,287,
-400,-47,62,-10,-49,-298,90,-467,495,-289,-428,396,330,97,349,83,-495,-479,-323,-153,79,138,-136,293,-265,46,-215,-79,-444,171,178,-218,-493,160,407,180,471,178,-65,-485,218,81,-385,-380,325,260,360,-45,-223,-17,-98,429,
470,447,257,168,5,409,499,453,341,
469,2,-48,484,-83,449,141,-269,288,-234,453,42,86,-22,409,-350,-119,152,283,376,-53,-462,-73,494,168,-181,-301,216,288,403,-50,-213,-438,279,-268,-377,-170,
-422,150,15,246,-312,480,419,-102,-237,34,209,437,-232,419,-43,246,219,78,100,-211,399,-242,295,363,5,-169,261,-366,-485,167,484,486,-421,25,-141,197,458,-460,-7,-1,-37,64,119,-253,254,-473,459,235,297,179,287,-182,-408,302,43,304,-401,-453,201,-425,20,267,38,477,49,-129,-336,462,-206,175,-201,-369,439,-288,-403,477,-3,-430,330,-330,-379,445,-191,294,315,282,340,423,356,-253,349,128,-419,75,
-52,-285,436,476,53,-76,-256,-438,202,-10,108,-176,-213,44,-322,-193,-266,-431,-363,-419,-389,-319,-94,-163,-443,-38,422,-181,27,167,84,-55,-377,381,-191,
286,301,39,48,
-128,240,-71,247,42,-498,308,-54,245,265,-279,-239,498,91,-53,-308,-100,-64,85,256,-41,-366,427,476,-456,223,-382,156,314,265,314,18,-83,498,-276,-121,481,312,431,-443,103,-3,381,397,-472,-123,391,-300,-154,427,370,-482,-183,73,250,33,167,70,-281,208,-119,-413,436,256,-192,-29,-387,44,-225,-35,-368,-8,-420,-295,425,-105,380,-247,-331,216,335,-133,292,-318,-98,1,-28,444,336,435,231,20,-58,
-238,-404,268,306,8,444,-192,-7,9,392,-45,-246,498,284,48,-232,-214,306,-2,-490,-469,196,343,-498,-259,438,
-424,-76,-184,224,277,104,330,-345,328,-284,144,201,-450,402,-94,222,311,-334,-12,147,217,83,-32,-161,253,-65,-231,25,283,101,-483,-235,-294,38,-104,52,6,38,-414,-223,209,-337,241,-333,-70,-134,184,330,-284,-405,-154,210,426,-477,-44,-207,335,-172,-270,228,11,115,455,78,151,401,165,480,256,-21,296,123,160,-407,13,47,294,-487,283,469,191,310,-195,-80,106,372,281,-315,
328,-498,-494,-304,275,212,307,-369,84,336,281,52,-256,116,213,-4,387,-234,-23,-380,-155,370,-83,-4,-196,295,121,-120,285,-150,87,-362,-197,109,55,46,286,199,74,-79,152,-300,-297,102,208,68,490,-484,-251,-381,214,42,-372,351,-213,
128,11,
-56,-310,179,-42,-225,205,-374,-10,82,-147,-183,101,-24,-222,205,-262,267,472,397,258,219,452,256,382,-61,-340,105,471,112,-363,496,189,154,115,-369,-238,-187,214,-424,74,-423,250,156,-243,50,-306,119,451,-87,-474,120,-12,348,108,235,-65,-248,-500,256,-299,3,-196,341,88,437,-224,445,-275,-256,257,-351,476,410,-250,98,113,298,-17,
-131,-269,-353,-416,-162,-212,-265,-85,-401,-329,-348,-135,
-298,-125,-247,-464,-333,-257,-94,-210,-191,-363,-85,-466,-227,
-1,
0,0,0,0,0,
225,71,109,180,32,23,275,310,
-76,-232,-338,
-470,-288,-303,-388,-277,-301,-165,-277,-422,-108,-65,-379,
275,
414,119,-322,-81,292,-99,133,-210,345,113,-459,-334,327,430,-458,-84,-128,-187,17,-89,-366,274,-301,-350,14,209,-358,
170,79,-451,-307,-453,-449,408,314,140,-387,-92,114,326,-439,-24,444,-214,314,-264,-37,-440,-442,-477,-319,303,466,-382,-148,-257,387,206,-32,-134,369,-390,-413,22,330,
281,-316,102,364,234,-498,335,319,-466,-285,-300,-372,-215,-340,-161,92,425,189,-219,305,-29,-256,433,229,138,-303,331,297,497,
-353,-271,-331,-181,-121,-223,-260,-226,-265,-437,-223,-124,-349,-52,-215,-100,-299,-469,-163,
-168,-210,-334,-166,-452,-456,-369,-245,-287,-290,-401,
-208,-290,-468,-306,-314,-484,-352,
29,302,385,379,241,